r2: 0.37688204734784814
mse: 2.3152168620170976
